normalizedValue 7.2111
ans [ [ 0.4160 ] [ 0.2774 ] [ 0.4160 ] [ 0.4160 ] [ 0.2774 ] [ 0.4160 ] [ 0.2774 ] [ 0.2774 ] ]
normalizedValue 2.5944
ans [ [ 0.4276 ] [ 0.3207 ] [ 0.4276 ] [ 0.4276 ] [ 0.3207 ] [ 0.3207 ] [ 0.2673 ] [ 0.2673 ] ]
normalizedValue 2.6197
ans [ [ 0.4489 ] [ 0.3265 ] [ 0.4489 ] [ 0.4489 ] [ 0.2857 ] [ 0.3265 ] [ 0.2244 ] [ 0.2244 ] ]
normalizedValue 2.6366
ans [ [ 0.4643 ] [ 0.3405 ] [ 0.4643 ] [ 0.4488 ] [ 0.2941 ] [ 0.2786 ] [ 0.2089 ] [ 0.2089 ] ]
normalizedValue 2.6481
ans [ [ 0.4734 ] [ 0.3507 ] [ 0.4734 ] [ 0.4617 ] [ 0.2747 ] [ 0.2689 ] [ 0.1841 ] [ 0.1841 ] ]
normalizedValue 2.6558
ans [ [ 0.4842 ] [ 0.3565 ] [ 0.4842 ] [ 0.4600 ] [ 0.2751 ] [ 0.2421 ] [ 0.1706 ] [ 0.1706 ] ]
normalizedValue 2.6609
ans [ [ 0.4888 ] [ 0.3639 ] [ 0.4888 ] [ 0.4673 ] [ 0.2638 ] [ 0.2316 ] [ 0.1551 ] [ 0.1551 ] ]
t [ [ 0.4888 ] [ 0.3639 ] [ 0.4888 ] [ 0.4673 ] [ 0.2638 ] [ 0.2316 ] [ 0.1551 ] [ 0.1551 ] ]
